# Instance                  Cost CV Permutation
n100w20.001.txt             827  0  88 30 1 68 49 11 42 57 65 9 28 72 20 4 79 50 95 22 24 62 60 6 86 94 53 61 64 56 32 10 8 70 12 5 29 87 34 93 85 92 76 98 78 77 3 43 2 75 44 74 13 41 27 55 16 59 91 23 19 66 47 40 35 38 18 33 96 31 15 73 7 46 83 52 84 48 58 97 39 99 90 67 89 37 82 81 54 17 63 14 71 80 25 45 26 51 100 21 36 69
n100w20.002.txt             801  0  17 2 52 80 20 36 39 34 40 51 53 96 83 68 30 94 22 84 24 89 27 50 70 82 16 5 73 56 8 14 28 7 95 88 49 81 65 29 61 9 25 10 75 45 62 12 99 21 79 35 32 3 77 1 31 6 26 63 48 74 59 44 37 13 57 90 23 71 55 4 11 78 91 66 15 93 43 92 58 67 18 69 19 54 98 33 86 47 97 41 38 85 76 64 42 60 72 87 100 46
n100w20.003.txt             834  0  97 35 33 61 34 38 57 60 6 47 15 93 53 26 77 96 20 21 16 70 25 50 98 83 68 56 85 13 92 79 36 75 89 86 45 49 48 8 43 9 22 18 71 90 66 52 54 65 73 78 91 76 72 5 87 44 4 23 10 12 31 30 94 14 81 7 11 32 17 80 40 59 42 64 24 55 37 74 82 58 1 88 51 39 2 3 99 19 41 46 67 63 27 28 62 95 69 84 100 29
n100w20.004.txt             828  0  96 57 89 39 42 26 22 51 23 6 71 66 77 34 72 38 61 64 85 29 27 25 36 67 82 7 75 80 9 20 81 8 11 93 43 41 12 97 44 74 31 45 92 48 35 54 78 87 73 56 62 37 2 17 47 13 83 10 68 91 33 95 50 24 52 65 53 58 16 94 59 30 84 14 21 32 79 98 15 46 88 5 86 55 63 90 40 4 19 49 70 18 1 60 28 3 76 100 99 69
n100w20.005.txt             825  0  85 15 57 23 24 7 56 18 20 33 58 88 51 45 31 16 32 49 25 69 27 21 59 82 76 19 78 55 10 50 53 89 39 42 5 28 2 98 94 96 84 92 11 14 17 26 48 9 87 35 97 61 75 37 93 71 64 6 99 86 73 4 44 40 1 72 65 52 29 68 77 79 36 90 66 54 22 13 81 47 30 80 70 8 34 63 60 3 46 83 67 62 12 38 43 74 91 100 95 41
n100w40.001.txt             841  0  16 99 28 39 19 2 44 69 32 37 66 46 76 30 47 57 7 86 53 62 21 58 33 88 40 3 17 78 5 61 83 26 4 81 45 23 41 64 54 12 94 84 27 85 18 11 60 13 89 75 35 14 1 22 80 56 93 91 59 71 48 51 90 55 74 20 98 6 29 70 63 92 65 79 25 42 97 9 34 72 87 8 10 82 77 31 52 36 38 50 15 67 95 68 73 24 43 100 96 49
n100w40.002.txt             786  0  38 81 9 44 80 37 33 96 54 16 61 77 20 27 19 28 42 13 34 58 93 62 98 73 36 64 91 12 57 8 7 75 95 70 25 2 32 85 15 72 49 83 94 65 99 50 46 56 92 4 3 90 18 53 66 6 71 17 68 11 43 1 88 35 10 89 87 60 5 30 26 82 29 76 47 55 59 21 51 23 84 14 79 45 48 78 31 40 24 67 39 41 52 22 97 63 100 74 86 69
n100w40.003.txt             835  0  41 45 3 40 48 70 95 6 84 44 20 29 21 43 34 14 22 59 66 62 19 75 64 58 10 35 61 69 85 47 96 24 76 31 73 27 55 49 91 12 93 11 94 65 68 2 90 46 38 98 32 86 18 97 89 36 92 52 79 77 7 17 83 23 54 26 71 37 67 51 53 28 30 82 78 16 88 57 4 74 8 99 15 87 63 60 9 50 1 81 42 13 72 56 25 33 39 80 100 5
n100w40.004.txt             809  0  23 75 91 84 70 78 5 16 72 37 59 50 57 53 83 40 12 60 20 46 2 21 79 17 41 3 31 62 97 4 13 39 49 7 45 9 90 38 63 25 85 10 19 55 93 69 87 43 89 74 65 32 99 42 36 48 6 26 94 56 68 88 58 44 86 47 54 73 61 52 71 33 18 15 66 67 22 98 81 80 76 8 29 35 64 28 96 92 51 34 77 82 14 24 30 1 11 95 100 27
n100w40.005.txt             834  0  3 21 58 91 37 42 7 62 77 80 17 89 74 44 88 51 31 70 11 84 9 5 1 19 75 79 82 53 30 39 4 65 22 98 61 48 38 34 43 57 10 94 52 35 18 33 2 15 25 99 83 87 96 50 45 28 40 59 86 24 12 46 85 71 8 36 13 6 54 29 56 69 60 90 55 95 49 92 78 73 93 47 76 27 20 14 23 72 68 16 81 66 26 67 32 97 41 64 100 63
n100w60.001.txt             824  0  2 24 37 44 42 6 19 51 17 8 45 83 81 85 28 73 36 14 80 78 90 49 29 75 9 33 58 60 32 79 98 61 87 21 68 74 39 10 15 77 11 95 96 27 43 26 13 54 12 34 46 76 52 35 50 18 1 3 97 62 59 82 67 65 40 48 72 7 23 84 56 88 92 25 64 47 86 53 4 31 93 41 71 30 16 22 63 70 55 20 38 5 66 91 94 57 89 69 99 100
n100w60.002.txt             782  0  42 99 56 66 40 63 58 83 70 38 39 23 52 16 8 97 22 44 74 95 77 64 54 5 53 41 46 17 37 85 24 32 98 26 47 45 33 78 27 75 79 35 30 21 51 62 92 3 69 12 80 13 87 11 96 90 18 84 20 19 89 4 6 28 72 49 68 34 94 48 81 14 61 93 36 86 65 43 50 73 71 10 55 57 91 82 67 29 2 31 76 59 60 88 1 25 9 100 15 7
n100w60.003.txt             856  0  15 35 83 67 76 60 75 65 66 41 79 34 70 38 22 64 97 2 27 47 45 73 19 4 71 16 84 77 80 23 53 78 44 39 87 5 72 94 32 86 6 21 85 93 11 98 54 82 40 14 43 62 50 92 81 17 49 51 56 26 10 91 30 46 89 3 7 59 90 18 42 37 8 96 99 74 33 12 31 68 20 1 28 36 88 52 63 58 25 95 69 24 55 48 57 29 61 13 100 9
n100w60.004.txt             834  0  57 93 41 81 8 58 38 97 74 49 52 34 12 83 40 4 69 79 54 65 46 24 10 94 22 20 1 99 29 66 95 30 25 80 78 37 16 60 91 26 85 56 14 35 18 84 76 59 19 43 68 47 63 71 6 72 51 39 31 86 28 89 21 64 50 48 55 45 90 53 70 77 73 17 42 32 11 67 13 36 87 9 92 2 15 98 7 82 96 61 88 44 27 23 75 5 3 100 33 62
n100w60.005.txt             790  0  29 24 72 67 70 14 82 44 50 21 58 63 64 60 94 17 5 37 31 97 34 99 81 74 73 52 27 11 1 54 75 85 25 18 38 43 62 83 40 84 48 86 3 20 8 36 71 26 57 79 87 16 59 46 41 2 12 47 45 53 22 7 56 32 30 80 69 39 68 93 78 23 35 96 91 42 28 88 61 49 65 95 13 92 6 10 15 51 55 4 77 76 98 19 33 90 66 100 89 9
n150w20.001.txt            1034  0  92 99 40 95 22 132 65 149 134 48 43 33 104 46 45 67 86 146 125 82 31 5 25 62 143 121 64 84 137 71 147 29 118 4 148 41 3 124 78 32 94 59 127 108 51 42 68 110 17 6 98 77 11 102 96 18 97 112 117 116 100 60 34 14 61 23 72 106 30 91 128 122 47 53 36 63 1 119 9 90 105 114 130 37 141 93 142 74 69 126 73 111 123 83 15 107 129 70 140 8 56 145 12 131 81 7 135 58 26 10 54 76 66 88 44 19 57 79 55 52 136 2 113 24 20 80 138 85 27 21 38 133 101 109 49 115 103 35 28 87 39 75 139 89 13 16 120 50 150 144
n150w20.002.txt             967  0  41 37 103 113 46 57 92 70 79 76 30 87 102 91 21 104 10 56 24 6 148 65 84 7 4 52 29 5 60 141 34 115 93 75 108 51 129 135 118 55 14 130 54 11 22 85 146 138 112 15 90 69 96 105 98 17 58 133 131 63 134 28 74 32 82 23 107 73 35 97 18 71 109 3 13 8 78 110 59 111 80 86 99 20 61 106 62 125 12 42 88 39 136 120 126 145 100 137 81 114 140 67 95 149 36 47 66 1 45 144 53 117 43 127 142 116 101 64 9 128 123 122 72 44 147 68 143 40 27 16 132 25 48 26 50 49 77 89 121 94 31 2 19 119 83 38 139 150 33 124
n150w20.003.txt             959  0  131 40 148 64 82 28 78 7 140 30 141 137 97 27 29 93 129 94 32 38 68 34 36 11 9 85 81 83 19 98 65 31 53 24 89 54 84 149 51 126 44 5 26 86 59 116 79 52 3 17 46 104 69 142 107 76 103 33 123 70 63 39 100 50 18 102 42 22 37 99 73 4 120 57 115 128 14 91 55 10 61 2 96 108 62 146 43 75 106 90 143 139 113 41 136 58 87 118 15 110 8 114 20 117 23 147 25 74 1 135 144 109 112 67 60 92 45 21 111 130 125 127 56 48 145 6 88 133 13 71 72 119 80 66 105 95 12 122 132 101 47 138 16 124 77 134 121 150 49 35
n150w20.004.txt             975  0  2 48 19 71 55 123 25 6 99 142 93 117 22 103 14 148 49 37 45 86 139 114 83 59 78 124 143 136 107 60 129 149 128 100 63 133 113 23 105 24 97 10 102 3 85 94 42 80 108 32 144 29 137 110 92 12 53 18 135 11 62 127 131 130 87 52 91 31 27 58 145 47 79 106 96 44 61 1 101 66 51 119 20 57 88 121 82 16 38 89 115 30 104 132 147 56 8 67 75 81 70 64 146 41 90 76 28 120 138 122 116 69 34 15 7 36 46 134 111 68 40 109 125 43 33 4 112 72 35 13 141 73 26 65 140 17 50 126 95 9 84 39 77 5 118 74 54 150 21 98
n150w20.005.txt             957  0  106 31 11 64 119 103 132 146 117 135 15 4 87 61 62 72 27 7 18 100 83 34 65 115 47 105 29 28 10 74 120 53 23 89 142 73 149 108 5 144 55 2 111 139 98 12 33 24 101 81 26 38 75 97 134 86 76 58 39 96 80 112 30 60 17 67 25 43 59 140 44 137 20 45 36 90 68 22 125 145 91 52 130 116 63 56 102 82 66 124 19 40 131 70 54 99 16 71 8 129 95 121 21 85 46 14 6 9 148 109 57 50 128 127 1 41 133 49 13 78 104 48 136 69 122 77 84 123 110 51 92 138 79 94 93 114 126 42 107 37 88 143 118 35 113 3 147 32 150 141
n150w40.001.txt            1058  0  30 109 40 142 102 80 72 112 19 12 147 117 8 124 138 105 116 48 28 46 86 103 61 133 149 41 20 15 55 113 35 118 120 23 1 36 63 2 13 96 71 25 77 57 82 21 50 27 93 38 32 9 140 104 108 106 37 64 5 66 144 33 137 111 49 87 29 73 54 145 22 92 16 91 146 10 69 60 34 45 131 119 6 68 44 134 123 81 67 101 88 65 97 121 83 99 17 58 26 79 24 136 39 141 100 139 74 62 115 84 130 47 56 14 31 85 52 42 148 43 76 95 127 110 132 114 125 90 7 128 70 135 126 18 59 143 75 98 51 78 129 11 94 89 3 4 122 107 150 53
n150w40.002.txt            1072  0  120 9 148 39 64 22 107 146 70 97 8 32 40 23 17 48 140 125 143 126 117 57 41 94 59 105 58 37 27 5 90 67 71 38 3 101 135 108 114 19 110 102 85 75 46 36 60 52 88 53 6 31 74 91 30 134 98 106 73 127 43 54 123 69 144 130 49 11 116 10 139 20 109 103 122 61 79 13 33 12 82 72 7 2 34 92 80 147 86 149 87 35 81 62 145 55 138 76 78 121 1 132 18 83 26 118 65 66 100 63 96 84 104 21 77 128 111 112 137 51 93 119 133 68 56 28 141 24 95 25 15 131 44 142 89 42 113 14 47 129 50 124 115 45 16 99 136 150 29 4
n150w40.003.txt             894  0  138 142 86 141 15 94 70 13 43 88 87 35 53 71 51 80 103 124 38 33 17 4 63 75 140 61 22 120 6 74 85 28 92 29 96 107 46 126 5 20 106 58 30 139 79 2 123 25 95 145 41 59 136 23 21 83 128 48 34 81 18 113 135 121 45 110 102 122 137 37 97 1 130 57 68 69 129 77 32 24 111 117 55 146 118 19 108 42 131 105 143 76 119 93 50 134 52 11 44 8 112 60 116 100 36 84 114 26 16 73 64 31 101 72 98 104 12 49 109 148 67 132 3 9 133 91 56 147 144 62 10 14 7 40 54 90 65 89 78 125 115 82 99 47 66 149 39 127 150 27
n150w40.004.txt             948  0  141 86 47 19 107 60 38 35 76 45 83 132 93 127 8 84 108 65 149 67 100 56 37 142 72 49 52 10 128 53 115 41 85 14 114 71 133 118 130 139 145 55 91 90 125 48 77 46 78 11 95 24 70 25 74 26 97 43 54 121 3 96 126 101 112 29 124 9 58 27 106 61 57 73 63 119 113 30 147 13 104 123 111 59 138 5 102 135 148 28 44 31 79 92 110 6 50 117 103 122 64 39 129 7 1 75 88 20 21 120 87 16 40 81 143 33 69 12 105 51 18 66 116 22 136 109 17 15 32 42 62 23 82 94 36 140 137 4 80 68 146 34 89 134 98 99 131 150 2 144
n150w40.005.txt             980  0  108 70 55 11 83 25 77 111 105 98 12 97 107 24 142 87 1 4 59 27 121 40 58 22 102 112 64 85 15 2 5 147 126 21 143 117 148 149 28 101 100 6 132 52 119 34 110 19 134 127 20 141 44 10 33 46 3 138 122 73 48 89 116 94 49 128 41 78 14 125 137 114 13 75 123 92 109 8 72 7 120 80 90 26 51 69 95 115 47 86 106 36 37 84 17 140 53 71 32 145 35 39 146 82 66 31 9 135 61 124 54 130 74 43 29 60 96 99 30 113 81 104 91 42 79 57 62 56 65 18 88 144 103 23 16 131 38 136 68 129 93 76 67 133 50 63 45 150 118 139
n150w60.001.txt            1024  0  109 122 56 129 36 82 114 10 128 139 80 43 111 6 81 28 55 79 69 115 124 31 39 67 68 145 42 21 4 83 103 15 121 85 16 49 19 90 33 146 142 8 138 148 17 130 46 107 104 45 1 117 20 57 64 98 48 50 29 77 101 110 72 61 12 75 89 136 132 14 94 118 91 123 88 25 59 11 2 96 13 24 135 71 7 97 133 105 44 26 99 100 106 102 30 18 147 119 38 127 54 116 34 73 87 66 52 112 53 32 47 74 78 137 40 141 58 93 51 65 86 76 5 70 3 95 149 22 125 92 144 140 84 134 120 37 126 23 41 63 27 108 62 113 35 60 131 9 150 143
n150w60.002.txt             940  0  35 44 51 92 89 73 88 148 63 11 56 42 109 139 38 81 21 12 61 97 142 4 19 99 41 86 133 48 114 140 136 34 121 50 66 70 77 16 138 22 95 71 102 85 24 116 3 26 122 147 96 104 145 87 2 69 115 67 93 59 27 107 30 31 112 39 105 37 132 17 74 80 144 118 25 68 100 58 72 52 128 10 98 62 119 29 131 18 60 8 120 82 149 1 84 103 113 6 53 106 83 76 134 57 75 127 7 54 32 137 94 78 33 143 101 5 129 111 49 90 126 9 124 110 125 135 13 141 14 43 36 108 46 55 65 45 40 47 91 15 146 64 20 79 28 23 123 117 130 150
n150w60.003.txt             984  0  86 90 127 10 94 96 49 113 88 137 126 104 143 27 24 74 123 37 38 67 44 30 19 36 83 65 142 63 31 72 148 129 66 40 21 147 120 125 107 115 135 73 59 131 46 145 102 71 16 110 57 138 111 48 132 78 81 61 109 34 87 2 17 99 45 136 25 47 55 29 4 128 85 133 50 6 101 130 52 82 13 121 53 18 108 97 134 22 56 42 141 75 64 33 146 12 5 54 26 92 80 8 41 69 117 28 32 14 144 76 106 11 9 116 79 23 58 60 35 70 98 51 15 118 122 68 95 100 3 149 124 114 93 105 20 112 39 84 7 77 103 62 89 1 119 91 140 150 139 43
n150w60.004.txt             998  0  129 44 131 39 137 113 4 144 92 3 26 77 114 98 11 46 42 147 87 59 62 76 75 84 7 38 135 12 149 83 81 35 32 66 8 140 41 112 107 136 21 43 48 70 55 103 122 37 18 36 125 45 72 118 123 145 117 49 148 74 16 73 34 67 23 64 79 105 100 138 15 28 127 47 86 143 54 95 124 94 119 101 139 128 142 65 102 6 56 63 133 68 9 17 60 93 89 25 108 141 71 146 78 69 96 58 13 14 121 97 110 27 50 29 2 85 99 40 57 24 126 1 53 30 33 52 134 61 109 91 19 132 120 5 130 115 106 10 88 22 90 51 20 116 104 80 31 82 150 111
n150w60.005.txt             997  0  148 21 117 87 101 29 13 1 49 34 54 14 19 86 149 22 83 77 82 130 41 147 51 32 84 23 8 146 120 81 71 124 121 11 145 65 72 99 107 80 138 62 135 106 85 56 26 63 140 17 38 113 57 122 25 100 37 142 110 6 129 134 78 141 127 45 112 69 103 43 131 123 128 76 104 3 52 125 67 40 75 74 35 36 48 53 92 47 126 33 42 102 116 9 98 111 97 15 10 93 55 119 2 24 30 46 61 27 70 108 91 90 20 136 73 79 58 66 60 94 64 7 105 132 5 118 95 50 16 12 39 115 59 139 144 109 18 143 89 31 44 114 137 28 68 133 4 150 96 88
n200w20.001.txt            1139  0  106 24 34 60 173 25 23 134 84 135 74 96 37 109 127 49 15 116 184 129 197 1 114 20 138 76 107 112 143 136 59 130 183 50 104 53 46 55 97 89 41 172 9 51 43 18 8 73 56 193 86 2 186 95 128 113 105 156 171 61 64 27 58 108 29 87 22 119 117 99 52 158 182 36 166 196 47 123 67 11 78 6 81 30 126 159 147 31 38 168 177 75 195 148 63 174 122 199 102 33 66 118 190 32 179 139 188 16 68 90 111 180 77 48 167 13 194 100 132 7 110 93 69 94 181 72 10 146 71 157 3 140 83 121 79 162 176 82 80 137 150 120 17 101 65 103 88 152 142 125 45 151 164 198 12 19 54 26 161 153 192 169 175 91 57 165 70 4 131 163 14 154 39 85 187 21 178 115 40 145 42 149 144 189 35 62 170 44 98 141 92 191 124 133 185 160 155 5 200 28
n200w20.002.txt            1124  0  32 186 27 38 192 47 7 49 9 5 196 24 152 100 21 138 118 73 124 2 185 157 33 175 91 184 15 182 183 1 71 22 66 172 187 111 109 90 16 79 26 70 179 188 103 156 139 147 105 167 155 88 119 122 165 53 75 67 171 164 46 174 89 14 163 115 128 83 42 85 37 110 96 80 93 131 6 34 134 74 126 44 113 153 11 45 141 137 116 130 145 144 150 198 102 48 195 57 61 108 191 13 86 151 58 59 31 78 162 189 92 176 8 181 72 132 143 28 129 36 125 18 161 170 140 77 135 43 29 121 50 41 199 180 69 60 190 169 97 35 25 40 193 197 112 107 4 120 114 160 123 62 149 136 94 117 65 23 173 63 98 99 68 20 142 133 55 106 81 168 30 56 84 101 87 82 54 64 148 10 159 17 127 146 51 104 178 12 154 194 52 19 177 95 76 39 3 200 158 166
n200w20.003.txt            1178  0  178 31 185 38 173 48 83 82 97 40 187 155 160 165 194 120 62 29 123 106 54 101 177 89 143 47 157 191 169 75 61 196 71 91 99 105 162 195 158 51 145 184 6 197 118 16 72 21 189 98 68 139 102 115 22 87 56 58 27 176 153 49 96 59 108 117 109 14 130 9 152 55 132 166 12 112 88 140 186 8 136 95 69 77 70 114 131 73 183 13 92 135 50 24 110 7 119 111 100 23 76 84 172 167 57 179 182 104 63 199 41 192 156 42 127 53 171 90 113 129 107 36 15 138 154 144 121 174 18 1 128 37 170 11 39 26 134 81 150 43 151 126 35 46 103 181 44 52 5 122 193 159 78 2 86 67 79 147 34 148 4 190 74 17 125 30 146 65 142 64 168 149 175 20 133 60 94 137 161 188 85 25 32 10 141 180 93 33 198 28 80 3 163 45 66 164 200 116 19 124
n200w20.004.txt            1125  0  161 44 92 68 131 8 192 88 156 128 124 162 29 55 182 76 167 130 160 142 190 141 94 179 99 35 120 117 196 108 49 51 96 80 5 111 174 113 65 63 16 7 32 87 118 186 147 85 102 45 82 6 61 157 115 43 97 193 91 134 155 75 187 26 73 10 138 149 158 15 159 38 2 173 54 137 71 72 197 109 53 42 176 33 22 24 164 107 62 144 112 81 165 74 60 23 122 105 30 77 133 64 83 37 40 78 66 172 106 121 59 104 84 36 140 28 46 163 189 110 146 14 1 98 145 195 143 153 4 178 93 150 12 25 166 181 135 31 148 185 56 188 50 136 139 119 183 125 69 114 184 21 126 57 47 41 17 58 129 101 13 198 19 18 169 168 67 70 152 123 3 100 103 132 9 151 89 48 116 127 191 52 170 95 175 39 34 11 20 199 79 194 180 177 86 171 154 90 200 27
n200w20.005.txt            1123  0  20 154 86 36 139 152 55 113 136 145 32 120 188 89 179 191 85 151 170 159 114 101 69 181 39 58 131 142 108 43 199 153 118 26 180 90 141 127 81 12 72 83 112 178 73 156 74 116 143 79 13 174 17 177 100 42 37 176 149 8 195 169 15 67 148 164 190 56 166 24 134 46 50 22 88 16 2 130 171 185 3 1 53 163 175 119 76 93 6 115 75 4 65 60 182 162 109 155 128 33 87 172 122 10 107 198 187 150 96 34 111 7 29 192 94 95 63 44 27 59 168 47 51 80 48 132 71 92 91 78 135 84 146 21 184 11 40 70 82 117 64 105 126 57 102 196 66 194 68 18 197 5 160 23 30 103 123 104 147 183 25 38 28 35 121 165 61 173 167 41 54 189 186 97 49 98 125 31 144 62 138 124 133 14 52 19 140 193 77 99 110 161 9 45 158 106 137 129 200 157
n200w40.001.txt            1188  0  112 31 58 46 126 118 186 90 84 172 54 157 183 75 114 55 153 6 100 141 104 174 166 9 72 195 65 127 7 111 158 60 199 156 190 115 167 131 74 51 182 193 155 142 69 38 164 18 37 160 77 98 99 19 5 20 82 108 17 27 134 34 14 63 26 12 147 93 124 61 176 143 197 91 168 189 184 191 187 76 144 32 15 125 139 22 21 138 117 33 80 89 159 163 67 45 121 43 52 122 105 169 133 198 10 29 146 39 178 148 53 194 83 49 150 165 94 92 66 173 87 171 57 88 59 24 79 154 103 81 196 42 152 181 96 137 102 107 2 151 16 85 68 25 179 185 95 44 1 64 50 56 23 161 110 47 177 11 78 149 162 41 120 113 119 188 73 145 192 48 180 71 86 8 36 101 170 35 70 62 97 28 30 123 106 140 130 132 128 136 116 40 135 13 3 4 129 200 175 109
n200w40.002.txt            1137  0  173 77 83 85 43 65 128 38 25 1 56 91 174 40 15 68 148 198 34 184 102 140 151 61 4 195 161 108 35 82 20 67 110 119 120 196 167 171 145 39 199 129 53 21 158 50 44 147 12 54 93 124 92 31 64 7 118 66 104 186 14 111 10 178 28 100 146 5 99 130 48 123 79 70 9 23 69 125 86 176 17 36 138 190 116 159 187 60 194 115 131 42 109 166 26 76 114 160 139 106 164 94 71 29 175 122 90 153 81 117 137 63 84 89 52 2 80 72 57 150 19 143 180 32 113 192 6 152 74 97 132 127 169 142 182 18 126 78 105 95 96 157 49 55 73 3 41 88 58 168 87 11 16 135 189 46 133 75 33 134 103 37 197 181 155 30 45 172 165 62 156 179 8 162 188 59 22 101 112 154 107 24 170 185 121 13 144 136 193 191 163 51 183 47 98 27 177 200 149 141
n200w40.003.txt            1134  0  69 142 152 61 122 77 13 134 83 94 121 112 26 178 119 136 173 111 56 46 60 157 23 4 159 30 53 22 172 62 52 42 194 195 123 99 139 156 32 199 71 118 176 84 170 27 132 128 58 11 185 5 151 126 96 41 3 80 155 33 168 8 54 70 51 138 66 40 187 20 16 180 89 92 116 143 75 133 120 14 97 24 93 65 158 86 19 64 88 162 146 38 198 179 165 91 188 166 67 100 174 104 147 63 140 106 144 45 131 18 9 21 148 137 102 160 76 186 153 183 81 1 28 12 107 7 85 125 189 98 39 149 82 127 161 164 181 196 25 141 110 37 167 31 72 114 57 50 169 108 74 105 154 34 36 175 49 48 29 59 177 109 197 130 79 191 113 17 190 145 2 6 87 182 95 103 73 184 68 101 192 150 129 117 55 124 10 163 15 171 90 43 135 193 78 115 47 200 44 35
n200w40.004.txt            1150  0  119 187 35 41 53 5 68 108 136 47 72 24 147 113 1 173 23 79 167 11 184 143 92 141 142 191 45 67 64 183 7 66 62 132 103 198 118 93 189 75 36 170 49 130 26 54 126 180 82 115 158 57 164 159 65 152 123 50 195 120 153 127 169 56 102 111 99 150 37 166 21 168 112 162 139 31 101 14 87 27 61 18 28 40 144 194 176 193 165 89 116 86 140 114 199 125 10 60 156 34 39 48 95 181 146 179 137 134 105 22 59 20 33 160 163 58 52 128 25 78 121 30 97 73 172 124 98 196 151 155 32 177 145 77 135 106 2 171 90 88 182 83 188 109 122 84 19 175 138 63 110 133 85 197 96 100 4 174 42 192 46 76 71 185 38 161 80 44 3 69 51 70 149 15 6 17 74 29 43 107 13 190 186 9 16 91 55 81 148 12 104 154 129 117 178 8 131 157 200 94
n200w40.005.txt            1171  0  104 8 105 92 145 112 136 76 169 170 3 116 142 74 192 67 25 43 84 131 2 42 27 106 36 53 30 62 121 181 173 72 81 125 149 38 199 49 164 159 110 54 40 95 15 193 163 100 152 24 86 197 118 64 90 18 166 176 91 167 143 9 5 180 57 26 77 51 61 129 165 4 128 87 23 32 69 146 153 133 37 140 158 28 171 191 65 115 137 188 96 12 144 10 132 7 154 179 11 19 63 1 97 33 107 14 148 111 20 190 60 130 119 22 114 185 83 108 189 70 113 184 31 78 79 120 183 117 124 58 89 135 52 93 109 160 13 126 88 94 174 59 196 186 66 80 48 55 45 122 123 187 47 85 44 141 134 178 172 102 161 177 99 21 168 98 6 162 182 75 34 56 41 39 127 17 195 73 16 103 156 29 150 155 198 138 35 175 157 46 151 68 50 82 139 71 101 200 194 147
n20w100.001.txt             309  0  9 11 10 2 4 8 1 5 6 16 15 14 18 13 3 17 7 12 20 19
n20w100.002.txt             285  0  10 1 15 19 4 5 11 16 12 2 17 8 14 7 13 3 9 20 6 18
n20w100.003.txt             358  0  16 18 4 8 19 10 2 5 17 11 14 6 15 3 12 7 9 20 13 1
n20w100.004.txt             379  0  13 10 17 6 18 14 11 12 2 1 16 19 15 8 3 4 5 7 9 20
n20w100.005.txt             327  0  11 13 2 1 8 18 10 9 14 12 5 19 15 3 17 6 20 16 4 7
n20w20.001.txt              387  0  16 19 9 10 18 17 5 15 1 11 12 6 13 7 2 4 8 20 3 14
n20w20.002.txt              296  0  1 14 18 4 8 7 5 15 11 16 19 17 10 12 3 6 2 20 9 13
n20w20.003.txt              403  0  19 5 13 1 8 16 4 9 3 7 14 15 17 11 2 10 18 20 6 12
n20w20.004.txt              401  0  11 3 2 19 7 15 9 8 5 6 10 14 4 12 18 16 13 20 17 1
n20w20.005.txt              365  0  19 11 7 18 16 13 8 3 17 10 2 5 4 15 9 14 6 20 1 12
n20w40.001.txt              280  0  13 17 6 11 5 19 8 4 7 1 12 2 15 18 9 16 3 14 20 10
n20w40.002.txt              357  0  10 15 16 17 4 6 18 14 13 7 1 5 19 11 8 2 9 12 20 3
n20w40.003.txt              355  0  11 9 14 7 17 10 13 3 15 8 6 4 12 16 1 19 5 20 2 18
n20w40.004.txt              397  0  13 5 1 18 17 7 10 4 11 15 3 12 19 8 6 16 2 14 20 9
n20w40.005.txt              325  0  15 19 6 7 16 8 2 13 9 12 18 17 5 1 14 11 3 20 4 10
n20w60.001.txt              400  0  10 11 4 1 19 3 6 7 5 13 14 16 15 9 12 2 8 20 17 18
n20w60.002.txt              300  0  19 18 4 1 12 8 15 17 3 7 10 5 9 6 14 11 16 20 2 13
n20w60.003.txt              381  0  10 11 7 15 13 17 8 9 5 2 4 3 12 18 1 16 19 14 6 20
n20w60.004.txt              337  0  19 3 11 12 7 9 1 17 5 14 6 16 8 10 18 13 2 15 20 4
n20w60.005.txt              392  0  13 1 16 8 3 15 14 4 10 7 17 12 5 9 6 18 20 19 11 2
n20w80.001.txt              403  0  13 19 3 12 18 5 1 11 14 15 17 10 7 16 6 8 4 20 2 9
n20w80.002.txt              397  0  1 16 12 13 6 9 17 5 3 10 15 18 4 19 11 7 14 8 20 2
n20w80.003.txt              365  0  15 3 9 16 19 10 13 14 11 12 7 2 4 18 6 1 5 20 17 8
n20w80.004.txt              345  0  10 17 19 8 3 18 7 11 4 2 13 14 1 9 16 6 5 20 15 12
n20w80.005.txt              307  0  3 10 9 6 1 19 8 16 13 5 12 14 4 15 7 18 2 11 17 20
n40w100.001.txt             471  0  1 16 34 5 26 27 18 32 20 21 31 33 13 2 19 14 8 22 3 4 12 30 36 37 24 9 11 39 35 25 15 6 29 17 23 38 10 40 7 28
n40w100.002.txt             452  0  26 4 36 8 24 22 25 11 34 15 12 33 37 39 10 3 21 30 23 28 19 16 7 32 2 1 9 29 14 6 18 27 17 5 38 35 31 13 40 20
n40w100.003.txt             458  0  16 22 26 13 17 25 23 2 34 30 18 12 14 8 15 3 21 39 35 24 31 7 4 29 1 37 27 28 38 11 10 20 6 33 9 5 40 36 32 19
n40w100.004.txt             476  0  2 3 18 16 11 17 28 24 1 6 10 27 26 20 19 39 15 29 37 5 22 7 21 23 33 14 32 38 34 13 36 30 12 35 8 40 9 25 31 4
n40w100.005.txt             458  0  1 12 20 24 4 37 6 25 29 26 28 14 34 15 33 13 27 2 31 16 21 39 7 36 18 5 32 10 23 30 3 8 35 22 11 19 17 9 40 38
n40w20.001.txt              523  0  7 13 16 37 6 15 12 39 2 35 25 4 23 32 3 38 8 1 18 33 14 5 36 10 22 31 21 9 19 26 11 29 27 34 28 24 20 17 40 30
n40w20.002.txt              607  0  16 9 10 18 27 32 8 37 28 24 25 34 12 23 26 7 6 29 20 39 38 30 5 22 33 3 17 11 2 31 15 19 14 36 1 4 13 40 35 21
n40w20.003.txt              514  0  12 33 6 1 2 24 13 35 38 16 37 10 26 5 23 3 14 21 17 25 8 11 27 31 22 32 9 29 15 34 20 19 28 7 39 36 4 40 30 18
n40w20.004.txt              442  0  7 37 11 36 5 20 35 39 22 32 17 19 28 24 25 12 33 16 1 2 38 30 31 14 3 27 15 21 29 13 10 34 6 26 18 8 9 40 4 23
n40w20.005.txt              520  0  28 5 38 21 24 12 26 34 32 2 27 13 11 3 14 29 17 18 4 6 16 19 37 8 33 36 20 22 9 25 23 7 1 39 30 15 31 40 10 35
n40w40.001.txt              510  0  10 20 2 32 19 33 27 23 21 34 13 14 31 9 28 29 30 6 1 16 17 15 26 35 24 11 4 22 38 5 36 8 3 25 18 37 7 40 39 12
n40w40.002.txt              519  0  11 15 35 5 22 7 34 19 3 36 32 18 1 12 26 25 39 14 13 17 27 29 24 2 16 30 23 31 8 4 28 6 21 10 33 38 9 37 40 20
n40w40.003.txt              536  0  16 1 17 10 31 30 35 11 9 34 7 38 23 27 24 2 6 4 32 29 5 22 14 12 25 36 19 26 3 8 20 37 39 21 13 33 28 40 18 15
n40w40.004.txt              508  0  14 3 17 32 9 33 38 8 12 23 25 26 28 1 24 15 13 21 7 39 6 34 19 35 11 22 20 29 36 16 10 27 37 5 18 30 31 2 40 4
n40w40.005.txt              488  0  11 24 29 21 26 32 6 4 7 36 13 23 15 2 33 35 20 5 37 34 16 28 38 8 17 31 39 10 18 27 25 1 19 3 14 30 22 40 9 12
n40w60.001.txt              535  0  15 16 36 6 8 17 4 19 7 33 10 32 1 27 9 22 12 21 18 25 31 13 5 26 3 23 35 14 30 34 28 29 39 38 2 20 37 40 11 24
n40w60.002.txt              509  0  28 34 38 6 8 30 20 14 3 18 24 15 26 27 10 1 35 13 33 5 9 17 2 25 29 12 21 19 37 23 16 11 4 22 32 36 31 40 39 7
n40w60.003.txt              465  0  18 6 12 36 10 27 8 35 34 16 19 17 28 26 4 23 22 25 33 1 39 30 24 14 38 37 9 32 31 20 15 7 5 2 29 13 3 21 11 40
n40w60.004.txt              475  0  13 15 7 28 19 26 4 33 3 37 9 29 30 18 31 6 24 32 38 14 36 8 23 10 5 11 39 21 34 16 20 35 2 27 1 12 25 22 40 17
n40w60.005.txt              423  0  20 2 18 25 37 4 17 1 36 28 24 15 11 23 27 3 6 7 5 29 9 14 30 33 31 39 13 22 21 8 26 16 10 19 38 35 32 12 40 34
n40w80.001.txt              497  0  11 33 17 39 28 21 8 38 36 9 37 18 14 13 24 34 31 35 2 16 23 32 20 25 5 1 12 30 7 6 10 26 4 22 3 15 27 40 29 19
n40w80.002.txt              498  0  1 30 24 6 37 10 11 15 14 13 26 18 35 8 23 19 17 27 4 21 16 39 12 3 7 2 25 38 32 20 34 22 36 33 28 5 29 9 31 40
n40w80.003.txt              488  0  31 18 34 10 14 16 21 24 32 15 38 8 5 22 35 6 27 25 26 20 33 4 37 7 13 12 29 1 2 3 28 23 9 11 19 17 30 36 40 39
n40w80.004.txt              462  0  15 36 25 2 20 10 26 39 24 27 30 4 3 8 33 1 38 19 9 37 31 34 14 28 11 12 22 5 29 23 16 21 13 7 32 35 6 18 40 17
n40w80.005.txt              488  0  16 30 9 37 29 34 8 6 32 14 22 25 12 28 7 2 1 18 27 4 21 23 3 20 38 26 15 17 19 10 33 13 39 35 24 5 40 11 31 36
n60w100.001.txt             576  0  1 17 43 57 50 6 19 36 51 47 29 46 38 26 5 30 18 20 56 39 12 58 37 34 45 28 23 44 15 40 48 54 41 31 8 16 7 2 42 24 22 13 52 32 14 55 33 25 27 35 59 10 4 21 11 3 9 60 53 49
n60w100.002.txt             622  0  18 44 5 30 28 33 19 8 21 14 27 25 6 39 31 3 55 56 42 45 54 48 24 23 10 15 22 52 29 53 46 34 43 2 40 12 41 7 9 49 59 51 32 13 35 1 37 11 50 26 36 16 58 17 20 38 47 57 60 4
n60w100.003.txt             610  0  1 24 32 3 6 55 9 40 30 44 54 21 16 22 50 14 35 8 36 17 5 11 59 29 26 28 19 41 51 58 52 33 43 45 57 46 7 42 15 38 39 56 48 47 13 12 20 31 4 18 2 23 27 49 10 25 53 34 37 60
n60w100.004.txt             625  0  10 7 18 24 16 30 47 31 19 49 11 27 42 28 36 46 25 43 57 59 8 56 38 26 4 48 20 53 9 45 44 32 34 54 40 15 13 6 2 33 21 3 51 29 55 12 41 14 37 22 35 1 58 23 52 50 5 60 39 17
n60w100.005.txt             668  0  23 31 4 46 53 24 36 56 55 54 32 37 19 8 38 1 9 26 10 5 41 44 34 50 18 7 20 16 58 6 48 2 49 35 57 13 29 27 12 47 21 28 25 3 45 51 14 59 33 40 15 30 43 17 22 42 52 11 39 60
n60w20.001.txt              586  0  6 12 38 48 15 51 9 17 34 56 19 42 58 32 22 59 7 25 13 4 52 5 50 44 30 47 46 31 18 16 23 2 28 21 41 10 11 29 27 39 43 45 35 26 8 57 3 33 54 1 24 49 20 37 36 55 14 40 60 53
n60w20.002.txt              656  0  26 54 36 15 59 2 38 50 25 32 27 56 39 24 31 46 29 20 7 57 55 17 28 22 34 11 9 4 10 51 5 45 33 41 30 42 8 58 53 13 43 1 44 48 14 12 21 40 49 23 19 47 35 18 16 3 6 37 60 52
n60w20.003.txt              593  0  18 56 31 12 14 1 34 19 22 29 37 33 20 45 49 15 48 38 40 52 59 7 5 46 44 13 26 11 8 25 17 41 16 43 23 35 47 24 9 55 3 27 51 6 42 50 30 39 21 54 32 28 57 10 36 58 2 4 60 53
n60w20.004.txt              670  0  13 25 8 48 49 56 10 12 43 27 33 35 58 29 11 38 3 9 54 4 30 23 41 50 2 44 34 21 55 22 18 1 6 14 5 42 46 7 15 47 17 20 40 24 19 28 39 31 26 45 52 37 53 32 59 36 16 60 51 57
n60w20.005.txt              629  0  11 8 13 35 18 26 42 51 12 50 29 33 7 34 3 47 10 44 20 55 16 28 37 45 19 58 2 49 21 25 32 48 53 22 1 46 52 56 17 6 57 39 27 36 54 31 43 23 38 40 59 30 14 9 5 24 60 15 41 4
n60w40.001.txt              664  0  3 33 32 40 7 55 29 17 18 11 44 6 58 21 28 8 56 24 15 19 12 39 4 25 52 14 2 42 16 43 27 54 47 59 57 45 36 31 46 35 20 50 9 48 49 53 5 34 37 26 38 10 23 30 41 51 22 13 60 1
n60w40.002.txt              697  0  10 30 21 31 19 15 47 16 41 55 18 42 35 12 3 2 44 17 36 58 6 32 9 39 37 25 29 34 46 56 4 45 7 8 20 38 13 28 27 51 23 53 43 14 50 59 57 24 49 22 40 33 48 54 1 26 52 11 60 5
n60w40.003.txt              675  0  18 33 15 43 52 28 45 40 32 1 49 6 55 58 41 7 19 2 27 9 29 54 34 38 26 42 25 51 36 37 35 12 8 5 30 44 47 56 24 17 57 50 11 53 20 14 39 4 21 31 13 3 16 59 22 10 46 48 60 23
n60w40.004.txt              628  0  3 10 55 50 8 38 26 13 24 12 9 31 32 35 27 23 29 49 41 53 43 22 39 21 57 59 5 37 4 15 19 54 14 51 20 44 48 11 2 30 17 7 1 18 42 33 46 47 40 25 36 34 16 52 58 28 45 60 56 6
n60w40.005.txt              608  0  12 31 49 17 35 11 55 38 20 33 24 46 4 9 2 51 5 59 28 41 45 1 34 7 30 3 10 13 19 36 6 16 39 50 21 43 14 29 25 40 57 48 37 26 58 52 23 8 53 54 44 15 42 47 22 18 32 60 27 56
n60w60.001.txt              722  0  26 39 49 8 16 7 2 19 20 46 34 52 25 33 29 12 14 53 56 45 38 27 47 37 30 28 42 1 40 32 18 35 22 4 11 17 51 21 48 31 44 9 24 5 54 43 36 58 50 15 3 10 59 41 57 55 23 60 13 6
n60w60.002.txt              715  0  19 9 13 44 41 32 56 48 59 1 5 52 20 47 55 26 24 8 45 54 49 14 40 23 18 58 36 3 51 34 15 25 12 42 37 16 11 22 7 50 53 2 10 57 33 31 46 38 30 4 17 39 43 21 6 35 60 27 29 28
n60w60.003.txt              619  0  43 52 60 31 17 37 38 7 3 24 21 14 25 28 23 53 19 36 57 9 55 12 50 46 20 32 2 30 22 27 51 45 29 39 4 42 49 35 34 5 6 41 56 16 58 13 8 47 18 15 26 40 54 11 33 44 48 59 10 1
n60w60.004.txt              639  0  23 27 34 49 45 41 2 31 12 36 6 37 54 11 14 50 1 19 5 13 53 26 4 33 56 18 24 32 58 42 52 8 3 43 40 46 22 15 44 21 17 47 29 20 51 48 25 7 10 39 57 55 9 35 30 38 16 60 59 28
n60w60.005.txt              669  0  12 29 7 26 10 2 45 34 48 35 39 24 57 38 50 6 3 27 53 18 23 20 25 37 46 22 56 36 8 17 31 11 5 9 41 13 15 40 54 32 33 52 14 58 49 43 44 21 30 47 19 1 59 4 51 28 55 16 60 42
n60w80.001.txt              606  0  12 19 41 4 8 51 55 5 58 18 23 22 9 21 3 7 26 33 35 20 59 54 17 56 29 24 44 45 10 2 46 57 6 42 38 53 49 47 40 16 1 32 50 52 31 28 37 34 36 11 43 30 15 25 27 48 13 60 39 14
n60w80.002.txt              611  0  6 38 51 43 15 59 19 31 34 54 18 48 42 33 14 16 8 58 36 28 29 13 47 55 40 32 23 7 53 4 56 17 10 22 44 21 52 50 11 3 26 45 30 12 25 5 2 27 37 1 35 24 41 20 57 9 46 60 39 49
n60w80.003.txt              656  0  40 30 46 47 52 19 38 14 7 41 32 58 10 8 27 43 17 25 33 50 51 2 37 22 13 5 56 59 11 35 12 55 44 3 34 4 23 1 18 49 29 24 20 26 28 57 21 54 48 31 39 9 6 45 36 42 53 60 16 15
n60w80.004.txt              679  0  1 12 15 28 30 42 47 54 20 32 44 59 35 50 17 39 27 6 53 24 56 13 14 11 37 19 49 41 55 58 9 43 51 36 26 48 40 7 3 22 45 5 34 52 2 33 31 38 18 16 4 8 23 21 25 46 57 29 60 10
n60w80.005.txt              589  0  17 20 14 53 36 24 9 59 5 44 42 10 51 47 50 33 56 1 16 18 28 25 15 52 54 22 4 6 57 12 21 48 37 29 30 55 13 38 3 11 40 43 31 19 49 27 2 41 35 8 34 32 45 46 39 7 58 26 60 23
n80w20.001.txt              729  0  17 29 37 39 58 31 34 53 19 77 64 79 38 2 50 9 33 8 1 6 48 3 74 66 54 5 14 15 49 7 73 55 56 44 76 22 30 71 24 35 25 47 62 60 20 32 61 21 18 13 4 65 52 41 46 16 28 67 68 59 23 40 43 57 72 78 36 12 51 45 70 27 26 42 11 10 69 75 80 63
n80w20.002.txt              798  0  38 30 64 36 11 31 22 61 73 21 18 16 5 13 3 58 2 53 19 48 9 6 32 8 44 57 1 52 56 23 51 29 24 66 20 41 43 35 74 37 40 7 27 49 55 26 42 76 4 50 15 63 17 34 71 79 45 47 72 25 33 78 12 46 70 75 59 69 39 28 68 67 54 14 60 10 65 62 80 77
n80w20.003.txt              727  0  46 11 50 8 66 34 44 41 48 10 6 3 45 52 69 13 24 2 17 20 75 61 9 25 30 36 73 77 39 58 42 59 43 55 49 56 72 64 51 78 4 53 74 57 28 76 31 35 14 12 16 40 37 70 71 62 26 67 1 18 60 15 27 38 47 19 65 79 22 33 7 21 23 54 32 29 63 5 68 80
n80w20.004.txt              694  0  70 24 47 74 20 14 65 16 10 8 22 72 53 39 9 12 62 63 5 25 75 42 29 23 31 67 11 51 56 64 73 34 45 21 43 15 61 40 44 3 30 79 36 48 17 18 37 19 35 57 6 60 66 38 1 77 41 69 49 68 27 2 50 7 76 28 52 58 59 54 46 26 32 78 71 4 55 80 13 33
n80w20.005.txt              793  0  63 16 12 22 4 47 70 9 71 58 66 39 64 5 61 27 50 42 54 11 69 20 6 31 78 48 55 59 53 18 37 2 62 34 68 7 15 28 46 73 74 75 32 49 25 76 10 41 65 35 38 19 67 30 40 43 29 36 26 1 45 44 52 17 51 77 57 21 23 3 79 8 13 14 60 72 56 24 80 33
n80w40.001.txt              743  0  5 56 38 17 51 60 50 27 61 54 53 19 4 6 24 34 33 13 9 30 14 69 45 70 3 71 72 49 66 20 36 64 25 48 68 78 57 8 12 29 58 41 55 42 79 21 15 35 52 32 1 59 44 7 73 47 26 62 10 75 74 28 16 46 31 76 43 39 37 18 63 65 2 40 23 67 77 11 80 22
n80w40.002.txt              701  0  41 49 52 74 78 43 19 66 26 65 64 36 3 20 12 71 63 17 9 25 27 61 32 72 23 24 44 10 79 62 35 53 14 47 45 31 75 11 50 5 48 4 30 51 8 18 42 59 22 7 55 60 56 69 21 29 33 6 58 73 34 70 54 76 38 37 2 57 28 16 68 40 15 77 46 39 1 13 80 67
n80w40.003.txt              731  0  19 42 52 54 57 45 35 10 71 56 53 79 40 28 67 69 64 27 4 12 11 44 32 24 58 18 61 39 73 49 17 38 29 51 34 8 7 5 72 33 14 31 21 76 46 20 62 3 55 6 65 74 16 59 22 78 23 15 68 41 43 47 13 48 75 25 30 63 9 2 36 1 66 50 70 77 26 80 60 37
n80w40.004.txt              662  0  5 78 8 20 24 40 61 54 48 72 29 21 64 41 76 74 6 26 77 59 22 51 32 60 25 71 45 10 44 43 33 16 9 36 62 56 34 39 46 79 18 2 31 50 37 63 70 58 30 55 47 28 15 14 67 1 42 13 52 69 27 49 65 35 3 23 73 17 19 12 75 66 4 11 38 7 53 57 80 68
n80w40.005.txt              791  0  11 20 21 24 18 74 42 49 76 22 4 33 55 69 62 67 17 15 41 61 34 7 66 60 39 71 29 32 2 35 57 13 45 8 63 46 26 50 77 31 14 10 73 64 36 56 12 5 38 51 54 19 16 1 65 68 70 3 75 52 44 58 78 59 40 25 72 53 6 9 23 47 28 79 43 27 30 80 37 48
n80w60.001.txt              674  0  14 40 78 8 10 71 41 9 18 16 45 64 79 33 24 65 62 29 31 42 36 56 34 48 38 74 51 21 30 67 7 63 5 76 19 59 55 17 47 61 53 73 70 69 44 57 1 4 49 52 32 28 39 58 25 26 66 22 54 72 60 15 20 12 11 3 43 75 68 77 37 13 27 46 23 6 35 50 80 2
n80w60.002.txt              733  0  34 1 26 51 9 60 46 24 77 37 20 44 59 71 12 15 16 18 3 70 5 49 57 79 7 21 61 63 23 25 10 2 19 39 78 64 53 36 67 50 62 38 76 17 30 47 72 33 48 55 56 32 40 52 8 4 42 6 14 74 13 43 45 35 54 65 31 66 58 75 41 28 29 69 22 73 68 11 80 27
n80w60.003.txt              743  0  40 52 61 48 51 67 62 78 15 22 41 29 12 79 65 37 2 43 5 3 34 63 44 58 24 50 60 23 75 14 8 39 26 4 68 73 13 25 72 56 16 20 35 18 49 31 30 66 53 46 74 59 42 33 71 57 9 1 70 28 47 55 19 69 7 6 32 11 36 76 54 45 38 27 17 21 64 77 80 10
n80w60.004.txt              718  0  31 32 42 58 7 10 38 22 35 5 73 59 30 16 77 79 37 45 56 72 26 17 15 34 29 63 62 24 13 75 65 1 54 70 49 4 27 25 74 60 76 69 78 3 19 66 61 44 47 71 14 20 21 41 12 52 6 9 33 53 43 39 11 48 57 55 50 64 36 40 2 8 28 68 51 23 46 80 18 67
n80w60.005.txt              695  0  16 43 26 3 52 12 75 72 64 63 20 9 68 46 53 13 8 28 70 35 79 76 42 74 22 54 37 19 56 49 34 14 66 58 39 36 45 69 11 25 17 40 7 2 4 65 47 41 30 29 27 50 1 23 48 18 5 55 78 38 21 61 71 57 67 32 60 44 24 59 62 10 33 15 51 77 73 6 80 31
n80w80.001.txt              728  0  18 72 32 6 52 66 21 8 77 11 31 42 13 27 58 43 4 3 60 36 55 9 28 12 41 65 75 38 17 46 76 19 34 44 26 57 40 48 7 23 22 20 79 59 37 71 70 54 78 67 63 16 30 14 25 69 24 50 1 74 5 47 61 33 49 2 62 35 64 45 51 68 39 10 29 73 15 80 53 56
n80w80.002.txt              690  0  11 36 62 19 30 59 41 43 25 57 76 49 75 45 1 32 8 56 34 29 21 16 26 58 28 72 50 46 3 42 15 44 7 13 38 12 55 48 17 35 52 60 53 40 6 9 22 20 67 78 73 79 37 65 33 24 4 68 31 71 77 70 66 64 63 18 39 47 14 2 54 10 51 61 5 27 69 74 80 23
n80w80.003.txt              730  0  19 77 25 48 58 70 3 57 76 18 17 52 13 51 60 37 11 8 40 71 1 73 42 10 15 47 4 34 62 61 45 65 39 41 55 29 54 74 75 16 36 12 32 23 22 46 53 2 33 5 24 35 63 30 69 66 7 56 14 9 21 67 72 31 43 49 68 28 50 20 64 79 6 78 59 38 27 44 80 26
n80w80.004.txt              743  0  16 19 58 73 30 41 37 74 57 10 45 71 72 70 61 53 79 3 77 60 12 39 28 8 2 22 66 1 24 44 21 33 36 40 32 76 7 20 56 65 23 49 52 31 15 18 59 64 51 63 48 69 35 78 25 62 27 14 17 34 6 42 38 43 55 26 67 46 11 9 50 47 4 68 54 75 13 5 80 29
n80w80.005.txt              682  0  16 33 73 5 45 79 72 4 77 50 44 71 9 48 31 55 63 61 21 57 24 47 26 62 53 68 52 65 32 54 13 60 3 76 27 10 40 46 56 74 43 28 8 58 69 14 7 15 64 75 49 22 35 30 1 18 29 67 78 34 37 6 20 39 19 66 2 12 11 41 25 70 36 38 17 59 23 80 42 51
