# Instance                  Cost CV Permutation
rc201.0                  853.71  0  11 2 1 15 23 19 5 6 8 9 18 20 21 24 12 3 13 4 22 17 7 10 14 16 25
rc201.1                  850.48  0  1 17 19 23 11 14 18 7 3 5 21 13 25 6 2 24 12 4 20 16 28 15 9 10 8 26 27 22
rc201.2                  883.97  0  19 10 26 28 18 4 5 6 7 8 20 21 12 14 13 23 25 27 11 3 16 9 1 24 15 2 22 17
rc201.3                  722.43  0  15 7 8 9 10 13 16 19 5 18 4 17 6 11 2 12 14 3 1
rc202.0                  850.48  0  14 19 24 21 13 7 2 4 3 6 5 16 23 15 9 10 1 25 17 20 11 12 8 22 18
rc202.1                  702.28  0  1 15 20 12 8 22 4 6 10 9 7 17 21 18 13 19 3 5 11 14 2 16
rc202.2                  853.71  0  1 14 12 8 9 11 3 18 10 13 21 24 26 4 22 23 15 25 16 5 20 6 7 17 2 19 27
rc202.3                  883.97  0  10 11 21 18 20 24 6 4 1 2 22 25 14 5 15 12 3 19 16 9 13 26 7 8 23 17
rc203.0                  870.52  0  20 33 22 28 2 3 4 1 21 7 6 10 8 13 5 26 9 11 14 15 31 30 34 16 23 29 17 32 19 35 25 24 27 18 12
rc203.1                  850.48  0  31 23 37 35 33 22 14 11 9 12 13 8 7 6 10 25 26 28 29 17 18 19 5 21 4 3 32 36 27 24 2 1 20 15 16 34 30
rc203.2                  853.71  0  11 10 9 13 1 12 18 19 25 23 22 16 27 4 24 15 5 7 21 26 17 6 14 8 2 3 20 28
rc204.0                  839.24  0  11 12 26 6 24 31 10 13 15 9 21 1 3 2 7 28 8 27 19 29 18 14 20 23 30 5 16 4 17 25 22 32
rc204.1                  492.60  0  19 23 13 24 26 28 20 12 7 3 1 2 6 9 10 8 5 4 18 17 25 16 27 21 11 14 15 22
rc204.2                  870.52  0  18 15 17 13 11 12 14 16 19 22 27 35 28 38 32 8 26 37 1 40 29 34 5 7 21 4 3 20 6 9 24 23 36 30 2 39 31 33 25 10
rc205.0                  834.62  0  10 17 6 18 9 12 11 8 19 26 23 20 21 7 1 2 4 16 5 14 15 25 3 13 24 22
rc205.1                  899.24  0  11 14 13 17 9 8 6 7 5 18 21 1 19 16 20 10 2 3 4 12 15 22
rc205.2                  908.79  0  27 10 12 28 25 19 6 8 7 9 22 20 16 24 17 15 2 5 11 13 26 1 21 14 3 23 4 18
rc205.3                  684.21  0  1 9 2 4 7 19 15 18 14 8 3 5 6 20 10 21 22 23 24 11 13 16 12 17
rc206.0                  893.21  0  14 2 16 1 25 24 21 11 10 9 12 15 13 29 34 23 30 32 35 22 19 18 8 7 6 31 3 4 17 5 27 20 26 33 28
rc206.1                  756.45  0  30 31 22 11 10 12 14 15 13 21 23 17 27 26 5 7 9 6 16 8 19 28 29 32 1 18 2 3 4 20 33 25 24
rc206.2                  776.19  0  21 28 27 17 20 24 7 10 11 16 9 8 29 22 32 18 25 23 26 5 4 6 15 14 3 2 1 12 13 19 31 30
rc207.0                  847.63  0  23 32 24 35 25 13 12 14 11 22 30 16 6 8 5 10 29 20 34 28 33 18 9 7 15 31 19 36 3 2 4 21 1 27 37 17 26
rc207.1                  785.37  0  14 2 1 27 31 19 21 22 10 11 13 12 18 29 24 32 33 17 25 26 16 9 6 5 7 8 28 15 4 3 20 30 23
rc207.2                  650.80  0  13 15 23 29 7 8 9 19 11 10 6 20 30 27 21 25 24 26 4 3 5 18 2 1 12 14 17 16 22 28
rc208.0                  836.04  0  40 41 29 37 30 36 5 7 20 9 8 4 2 43 23 25 16 14 11 12 22 15 17 13 21 18 35 26 34 42 27 39 33 38 6 3 10 28 19 1 32 44 24 31
rc208.1                  615.51  0  14 15 8 5 3 2 4 6 18 13 21 27 17 23 11 19 24 1 7 9 10 22 12 16 26 20 25
rc208.2                  596.21  0  22 9 12 15 17 18 2 26 21 29 19 24 23 25 6 5 7 4 3 1 16 13 8 10 11 14 20 27 28
